001010001010
000011001101
111110011011
000010000101
111100110000
000010101011
000011011110
000010111111
111110110100
000101110110
111000000101
000010100101
111100000101
111001100100
111111100101
000110010111
000101110001
000111011111
000101010001
000000111100
110010011011
110111001011
111100001001
000110001111
101111100101
000011100111
000110111100
110001110110
000111011111
111000010100
000111101100
000010101110
111111010100
110111100101
111110011101
110001100101
111111100111
010001011110
111110000111
000111111010
001011110110
000000110000
000100010011
001101111010
111100111111
110010000100
111111101001
111011010000
000001110001
000100100100
111100001001
000000000011
111011111110
110101101111
111000010010
111100010111
111101100101
000101001001
111100100011
110111011101
111001111100
111111111011
111110011011
111000101100
111110001100
111110111101
111001111111
000111110100
110011100000
111010011101
000000011011
111100000101
000110010101
110100110110
001000001110
111100001100
110100110101
000000011111
000101101111
111011011001
111111110101
111110001011
000101001010
001000101000
000010111100
110111101100
111001000001
111010011100
000100001011
111101010011
000100101000
001100010000
111010001001
000000000101
111011111011
000010110000
111101010011
000111100010
000011001000
000111000001
000101011011
110101010111
111100011101
000101011110
110110101000
110111011100
110001000111
000001111001
001010010100
111110011010
010110011101
111001110111
001000000100
000011000110
111110100001
000100001011
110101110110
000000110000
111110000000
111111001110
000110101110
000011111111
001110111111
000011000111
111011111111
000110101010
000111011101
110111011110
000001110100
110110011010
111111101100
000010100100
111010010000
111111100110
111110010100
001001100101
000100000101
000111110000
111100011000
000000110011
110101011101
111000011100
000000101110
000101100011
110100011000
000010001100
111000110110
111101100100
101111011101
111111100001
111110101000
111001010011
000011101010
111000110010
111100110111
101111100011
111111011101
001110001010
111001000011
111111011001
000010011011
000101011101
110000001000
111101011000
110111001111
010010010011
000001000100
111011100001
001010000010
110010110101
000100100100
000000010111
101111010101
000011110011
000010001011
001010111001
111101000000
000101110000
111101000111
111001111111
001011010001
001010101000
111101011101
111011011101
111101101101
001101110110
111111110000
100111101100
000001110100
110111111101
110001111011
000001110010
001011000001
000110101101
110100101000
111010001001
101111101010
111101100011
111111010000
000001000111
111001101101
110100111101
001001000101
000011110111
101110011010
111110110000
000100100010
000000110111
000010110110
111110010111
000000110010
000000101110
000110011101
111111011000
111000101101
001101000001
111101111001
000011101100
000010111111
000001000111
000011010000
000101001010
111111100100
001010011010
000100010011
000000010011
001101000011
110100010101
110000000010
000010011100
000101010010
111100000101
111011101011
001010111110
001101100101
000011000011
110110011110
111110100110
110111110001
110101101111
000010010110
000001011011
111001101111
111010111000
111101101100
111100101110
111111111010
000001101101
111010001010
111101111001
110111110101
000000100101
111010110001
001101001011
000101100010
000101111010
110101101010
111101110000
111101010011
111111111110
001000001001
000101110100
000001010100
000010110110
111101110110
000111100111
000101011011
000101101011
001001010100
110110001111
000100101011
111001010010
111111111001
111010000001
001011010110
111101100101
111100011111
110000100011
000111010010
000001110111
010010101110
111110001101
110010111100
111110010011
111100101101
111001010000
110011110010
010001000110
111110110100
000000100010
111000001001
001000101000
001001110010
111111111011
000000011010
111111100001
111100111100
111011110101
000001000010
000010010000
000000110001
111001011100
001011100001
111101110100
110100000000
000011100110
000001111101
000010001101
110000010010
000000101110
111010110000
000000111110
000101000111
111111001110
001110000000
001001001000
000011010111
000101010000
110001110100
000010101010
110100010110
000111100101
000100000000
010000011000
111011110001
001000101100
001000010110
000010001111
111101010000
001100000000
001001010101
110100111010
110110001001
111010110001
000001000110
111100110110
000110101001
000010011000
111101010100
000001110101
000000100001
001100010000
001000010010
000010000111
111100101101
001011001011
000000011101
000100011110
111110000000
000100101010
000001000001
010000101100
000011100001
000011110111
111110111010
000001010001
001000101111
110111100000
000010001000
110110010011
111101000100
000101000011
110110101000
001010100000
111011000001
111000101101
000111110111
111111001011
110010111001
000000100010
000110101110
111011110111
000011010101
110111011100
111100010110
111100000000
000010001101
001101000001
000101111000
111101011000
101101101110
110111001010
000001000101
110111000111
000010001111
111011110001
001000001000
111101111101
111100101011
001101100100
001011101000
001101000011
111010111000
101010110001
000100111001
110101111111
000100111100
111001011010
000111011001
000011110001
110101000011
111000110110
000001111101
110100110010
101110100110
000001101111
001101001000
111101011101
111100100010
110000110100
111100010001
000101010111
010100100110
000101011100
111010101000
000100101010
000011011100
101101101000
111111001100
000000001110
000100100110
111111111110
111000001001
110110001011
000101101001
000001111001
000001101101
000011011001
110111100111
110100010110
000011010111
000101101010
111011001111
000010110100
110111100101
000110101101
111111010011
010001010111
000111001001
111101101000
111101100011
000100010100
001010100110
000001001101
000000111110
001100000001
000110111111
111000111110
110111100111
110101001010
000101000000
111100111010
111100001110
111001000000
001100110100
000011101111
000001100100
000011100000
111001010000
111011101010
000101011100
001001011010
000010011111
111111101111
111010010111
010010111100
111001110011
111111011001
010000011001
110101101001
111010111011
000100111011
110011110111
111000010011
001000010101
000100110011
000010011100
111111101001
111011011001
000101001100
110011100110
111101110101
000111111011
110000001010
110000001001
110110001010
000110010110
111101100101
111111010010
111100111100
111000110001
000110000000
010001010000
000100110000
000000000001
000100110101
111010100011
000011100110
001100100011
111010010110
010100101101
000110100110
001110100000
111110011001
001001001000
111010000100
001100010101
000010101111
110111110100
000110001110
000000110101
110110101101
110011111011
111110010000
000101000000
111010000000
000100000110
111000000100
000010110100
111000100110
111001011101
001000100100
111110100100
111010010010
001010101001
110010101011
111001001110
001000100101
000011000111
111000111010
110000011010
110100011001
110011010110
001100111110
000101110110
111111000100
001110001111
111100001000
111100000111
110000101111
000001100100
000110011101
110110110000
000101110110
110000110000
000100111010
000001011111
000010001100
111110011010
000010101010
111101110101
000001000000
111100100110
010111111100
001001111101
000100101111
001000101001
110000101001
001010010001
001001010111
101101111101
111101011011
000010111100
111011011001
000100010100
000111100110
000011010100
111110001111
111111101000
000010100101
111001011101
000011111110
111111001000
110111010110
000000111011
000100000100
000100000111
111010010100
111100101111
000000100011
000110000001
111110010101
001010110100
001001000110
111101000111
000101010010
111010001011
111101101111
000011100100
111101011001
111110010101
000011001011
111111100001
000001001000
001001010000
000100010101
000111101010
111001101010
001000101111
111101111001
111100110101
111000000001
000000010000
111111110111
110101010110
000100000001
111111100000
110100001101
111110100110
000100000001
000100000100
110101001111
001010110110
111101101000
110111010110
000011110001
111001001101
111110111011
111110110111
000011101001
111000010001
001001111111
110101010000
010010000010
111110010011
110110110100
111101011110
111111101101
000011011011
101111111010
001111110110
000100010100
001000110011
111100000101
111111001101
000101110000
110101000110
000001001101
001110100111
000110010111
110110010100
000010100001
111011010000
001010011011
111011100010
111010111000
111011101100
010001100101
111110000000
000010111001
110100111000
001111011010
001001100111
111011000111
111100000011
110110011001
110110101010
000001101000
110111101101
000000010100
111001001110
000100101110
111010010010
000000011001
111001001001
000100111010
111011110111
000000100111
000011111001
000100110101
000001111100
110100000001
110111101111
111111000111
001000101000
000000100001
000111000101
111001011001
000000011111
111110010111
001110010111
001011100101
000101110110
000101100011
111000101000
110110000110
110111111110
001000001100
000111110111
111010000001
111111000000
111101101101
110111000100
000000110001
110111110110
111100110010
001101110010
111100000101
111110001101
000000101101
000110100111
110100010110
000010111001
111000011110
000001111010
111110100111
111000101111
000000111100
111111000100
000100011000
110110110101
001000101101
111101010011
111110110011
000010001110
111110011101
111111111010
000010100101
110111110101
000010010100
001010110101
111001000111
111001011111
001001010001
000101101100
111111101100
110011000100
111011010101
111110110111
110101101100
000010101011
111000011000
111111011111
111110000001
111000001010
001001110010
000111100101
001010001001
001001001111
111101110111
001000110101
111110100011
000110100100
001011011101
111110111000
000111111100
001100100000
000011100100
111101100110
110001011011
110110100101
000011010101
111001110001
000010100100
111110011000
111010110010
001001000010
000110001001
111011101010
110110001010
111100100011
110100110001
111111111010
000011011000
001101110100
110101011101
000010000111
111000110001
111100100111
000110000100
111110001101
111010001010
110110000110
111011111110
001000011100
111110111011
101100000010
000100011000
111101111110
000011111110
110011101111
000100001100
010100001111
000001001111
111010100010
001011111111
111110111010
000110000110
000100100101
000110010111
111010110000
000011000000
000101110010
000001100011
111001101001
111100111001
001010010010
001011011011
111101110001
000010100101
000000000010
000100111011
111110111110
111011111111
000010101101
111001001000
111010111000
110101100110
000001100110
001001011110
111000010100
000101110010
111000101101
111100101111
001000000000
001001100100
111110101101
000010110001
000101111101
110111000000
001001010101
000011110111
000000100011
110100101100
000000101011
111100100000
111100100101
111111100111
110111100110
111111101000
110011110000
111001010111
000101110000
000101100100
000110100000
110100011101
000010000010
111111101100
001000100110
110100111001
000011001010
000011000101
001010111111
111100110100
111110100110
110111100111
000101110111
101111110111
111000001100
111101010100
111100000100
001001010100
111100101001
111001111110
000111110100
000011000000
111101010100
110010101001
001000111001
111000110011
001001000001
110100001111
111111011111
001010110001
111110010010
110001101010
000001011100
001001111101
101101111110
000100000110
111101111011
000111111011
111101000001
111111110110
111111100101
110111100101
110000110101
111011000110
110101010000
110110000011
111110010000
000010010011
000010100011
000100011000
000101100001
001001001101
000100100010
001000101001
001000001001
111011100001
000111100110
111001010101
110110100010
010100000100
000101000011
001001111000
101100101001
010001011011
111011110100
000010000101
000000111000
001010001100
110100011101
000010001001
001000000101
001000011100
111010010010
000110110001
111100110100
110011011000
111100110011
001010111110
110100010100
111001000000
110101101000
000110000000
000110011001
000011101011
111101011010
000101100010
000011000000
001011100010
001010100010
000000011000
111011010101
111011110110
110011110111
000001110011
000101101100
001111001100
010011100110
111011101100
111110100110
111001010000
000100011110
000010110110
110101100100
000110010001
000011101110
001001010001
000100000001
000000011101
000101101110
111110000000
000000101010
111001111010
000101111101
110101001011
000110011001
000011010100
000010100111
111001000110
000100011100
000110000010
001010101010
110111100111
000000000101
111011010100
001011011001
110111001001
111110011100
001001011011
110111001010
111011000010
111111111010
000011111101
000111000111
000101011100
001011000011
000001011000
000010101011
010011001011
000010010100
000110001100
001011111000
000000001011
111011000000
111011110111
001000111111
010001110000
001000101110
000010000101
110100110101
000100010001
001010000101
000111010011
110110010111
000100100000
111110111010
000100010110
000000001100
110111011001
111010001010
000111100010
111101100110
111000011001
110101000001
111101000010
000011101001
000010011111
001000101110
000010110100
001001011101
110101010100
000010111110
111110111001
111011111110
011001000111
101101101001
111101100011
010010011011
111010110011
000010110001
000000010101
110110101011
001000101010
001010001001
111111110111
111000010101
111100010000
001011001110
000100101111
110011100011
000011011100
110010111001
000111010111
101011110111
000010010110
111011010001
111110110101
111110000101
111111010111
111001001000
111110010010
000011101110
001000010110
000110010001
111100111001
111110110111
000100011100
000100110010
111001101100
110101100111
001011011111
110110100000
111001100101
111110000011
111010010011
000001111111
111011110010
110011011101
000100011111
111100111000
111111000111
111001000110
111001011100
000001011110
111111111101
110101110010
111101001101
111101001100
001000011100
111001000111
101101010011
101001110111
111111001011
000111001101
111011000111
001001101110
001011001101
000101111001
110010011100
000011100000
001100110101
000010100001
111000101011
111000111111
110101111111
111000111101
111110010010
000000011101
111000110000
111001100100
110001101110
001101110011
111001111001
000010000011
110110000000
111000001011
110111000001
111110011110
000001011000
000010001101
001000011011
111010101001
000000101001
001000011000
111110010001
111011110001
111110100110
110100101111
000100011000
000101110101
111011111010
111101110100
110010010110
001010100010
000001101000
110111001010
111010100110
000100010010
000010011110
000011001100
111110010011
101111101001
111111101000
111011011000
000101101010
111110110000
000010110101
000010000101
000001101100
000100111000
001000000111
000111111101
101011101010
001001011001
000001111111
111111100000
111110110000
111101011010
000011001110
111000100000
000010000110
111000001000
000100101101
001110101000
111011101001
110110011011
000110100110
111110011101
001011000111
001110001110
010000100101
000101010100
111001000000
001010001011
001100101011
110111100010
111010101010
001010110101
111010001001
111101000010
000000011000
111111111100
111100010100
000100001001
000111100010
111000110001
000010100100
000100111011
111101011010
111101001101
000100100001
111110100011
111010000010
111000101000
001101101110
001011001111
000001010101
000110010101
110101100110
000001111001
000011101111
000001001110
000111001001
000001100010
111010111111
111100100000
110110110100
111101100101
111111001000
110111101001
110010110001
001000000110
111110111001
000000110100
110100101010
111001111001
111110100100
000000001011
000101101111
000101011001
000001110101
111000110101
000000011100
000011000110
001001011001
111110001100
111110000011
111111100000
000101101100
110010001110
110110010011
000010001110
111101010001
111101000000
110011101000
111110101110
111000100000
000101010011
000100010001
110101110110
000011100100
000011010011
000011100100
111001110111
000010101000
111010010110
010011000001
000101011100
001000100000
001110110011
111001101001
110111010100
111111100110
111010000101
111101011001
000011001000
111010001100
001010101110
111101001001
000101110100
111011110000
110101011101
001100010001
111000010010
111110101100
111011011010
000111000001
110000100000
110110100110
110101100101
000001101100
110011111000
000010110100
000001101001
111001010111
111000000000
111101111011
111001010100
111001000101
000100100001
001001111111
000001100000
000101001000
001100101111
111011000000
000110111110
000000111110
111011010011
000011010001
111111000011
001000101100
000000010110
101101101001
000000010101
111110101111
000000110000
000110101000
000101100000
000001011000
110110000010
101010010110
111110011100
000011011000
111111000010
010000101000
001011111100
111110011111
001000100001
000100000111
111111101101
111101101000
010000100111
000000100010
000110101110
000000000101
111100011010
000010100001
111111101011
000011111100
000000110001
001110100100
111101011000
000010101010
111001110111
111011011101
000010111001
000011010001
000010001010
111001110111
111100101011
111110100011
001001000010
111001000000
111100100001
000110100111
000100111111
111100111111
110100011000
001100111100
000000111010
000001100010
000110001010
110010011001
111010000101
001001100010
111000110000
000011011111
111011000000
111101001011
000101100010
010001110011
111011101001
111100110000
000010101100
111011011000
000111101111
111101010101
000000110011
000000001110
111110100110
111100110111
000000100100
111111010011
111010011111
111000100011
110111111111
111011010111
000100001101
001011100110
000010100010
111011001001
000001111011
111101111010
110011000101
110101000101
111110101110
110010010101
001111101001
111100000111
000100000011
001101000101
111101111001
111000100011
010011110110
110110101101
111111111000
000010001101
110110101100
110111111101
000100011000
000101001001
000001111001
110110100000
111000000010
111011001100
110101111111
111101011011
000101000101
111101110000
000010000101
111110100100
001101000010
111110111110
000001100101
111101111010
000000000101
001001001001
000010000111
000011000111
001100000101
001101001001
000100111101
000110101010
000011011100
110111011010
110111001011
000000111001
111111110001
110100011011
110110101011
110110100011
111101010010
110001111010
000101000110
110001000101
000110000110
001011011101
111000100011
000100111111
111100001000
000000100110
000001011011
000011110110
111100111011
001110101101
000010101010
110010000001
110101010111
000110010101
110100110010
111011011111
000010100100
000101110111
001010001010
111010001100
001000111101
001111001111
111011010111
001010110011
110101111001
110100100101
001001000001
000000010110
000011100111
111011010011
111011110001
000101000111
000011101111
000010001010
101111001010
110100111110
111110010101
111110000011
111101101000
001001100110
111100100100
001001101011
000110100101
111001011010
001000110001
110110100011
001000111110
000001010000
111000100000
000001001111
110010111101
111011111100
111000100110
000110110110
000001110100
111101100010
111101101000
001101111100
111101110100
111101010101
111110111001
000101010111
111010010010
001001001101
000110101110
000011110101
000111111000
110111010110
111010111100
001101010011
110110011110
110100110011
000001010001
000100100110
111011100110
000011100011
000011110111
000011111110
000111011011
000000111110
110101100111
111101111000
111110110000
000111110011
000101101010
000101000100
110100101111
000001100101
110011100000
111101100100
000010111110
111111010111
111011011010
000010011111
001010100100
000000110100
000011001000
000010000101
000000111010
001011000100
110110110011
000111000001
001010101100
000011010110
111101100100
001010000111
110111101010
010001101101
001001001011
000110000001
111100010110
000001100010
000101110111
111101100010
000101010111
111010100010
110101101011
000101111001
101111101101
001010000110
111101111000
000010011011
111010101100
111010100101
001101011001
000010001110
000100111111
110010111110
000011000010
000010110001
111111111001
111101001010
111100001101
111101010101
000000101111
000011000011
110111011011
111100111000
111001110101
001000011111
000010011001
000000110001
111100111011
000110010010
000100100101
000010100010
111010101110
000001111101
000100101011
111111001111
110101111011
000100101011
111110101010
000111000010
110010110110
000000110100
001010101100
000110001101
000101111100
111101111000
111111011001
111110001100
000111000111
000000100010
001011101011
111011011110
000001101100
110111010101
111101001101
000011011011
000110001111
111000100111
110101110011
111011111100
111110011000
001001001101
000000000011
111000110000
101010110001
000010101000
101100001111
111110100101
000001001000
000111000110
110011100011
000100111111
111111000000
000101011010
000110010110
000011110010
111100001000
001010101000
000100001100
110111000111
111001101011
000101001010
110010100111
000100010101
001111001101
000100110101
001011010011
111110011011
001010011101
111101101100
110110111110
000000100010
001001011101
000010011101
111101101001
001000010100
001001100000
000111100111
111010110111
111100110100
110100101101
000111101111
110000000010
000100111101
000000000001
000110101111
110111010010
111110100001
000010101100
111111101100
111011010101
000000110001
000111100100
001001000001
111100100101
000110000001
111011000011
111110100001
110110001000
000111110001
110101000110
111011101010
000001000111
000101010000
000100000110
001101011001
000100101100
000010100001
111101001000
000010111000
110110101101
000101010110
001011110000
110101000100
000011110011
111110011101
000111111101
001001000101
001001001001
110010101011
001110010011
000011110001
110101111100
111000000100
111100010101
001010110110
111000111000
000101101101
000010000110
111101001000
000100110011
000001100000
000011101010
111111101001
110001111110
110000011001
111110110111
000010001111
001011000110
000100101101
000010010111
111011010001
111001001111
000010001110
110111001101
110111011001
110100011000
010000110010
001011110011
000110001011
001111000001
111100000010
001000100101
010001001101
000101100110
110100001110
101001100010
001011000010
101110010010
110011010000
110111110011
110000010100
001110110101
111100000111
001001100010
110111000100
111001101110
000001011001
010001010111
111000101001
111110010010
111101100101
000110000001
110100111000
110110100000
000010101101
111100111111
001001111000
111110100001
000011101011
001001011110
110001010011
000000100001
001010101100
001001001111
000011011100
000101001100
111100011101
000101111100
110010011010
110100100111
000101011100
001010101100
000010110110
111101101111
000011101010
110110101110
111010111100
111000010101
001001101001
111101111000
001010001000
111101110110
111001011100
000100110110
111111110011
001101010000
110111101011
000100101100
000001100100
111111111000
111000000100
111010010110
000101101000
111111010100
111101011001
111101100110
000110101000
111100001110
000111101011
000100111010
111110000110
110111001011
111001010111
111101001010
001001010001
111010001111
000001110011
110001101000
000011000111
000001001011
111100011110
111000001110
010100010111
000110011100
111000101010
000111010110
111001111010
000010101110
111101100110
001011100101
111100001000
111110111100
000111000100
111101010000
001000010111
111101010101
010101000101
111110001100
111110111101
101101101011
110101011110
111101001001
000010011110
001010111110
111101011000
000101100011
001001101011
110011110010
111101011011
110110001111
000010001011
111000001101
111101111101
111100011110
110111101111
000011100001
000001110011
111111010001
001001000111
000000101000
111110000101
001100001101
111101100010
000100111000
001011100101
111111101111
111110101010
111011010110
001100010000
001011011000
001001001101
000100101100
111101101000
000101001000
000001000111
001100000110
110100101100
111111001001
111000101011
110111011100
111011111010
000000001011
111101110100
111011110110
000011100110
111110100111
000011001111
111110001101
111010101001
000010001010
111001011100
000011111011
000010010001
110110101000
000010110101
000110110101
000101010000
000000010100
000001011111
000010001101
000110001001
000101111010
000111100001
111011100000
110111100111
111001110011
001010101100
000011110010
111110111100
111100011101
000011000011
001000000010
111100111110
111001010101
111100100111
111010011100
111000010101
111100100100
101111000000
000101010000
001001010010
111111010111
111101110101
000101000000
000111110010
111101100101
001001001101
000000111111
000011001001
111011010010
001000000001
111110000101
000000111000
111011000111
001000001011
110001110010
111110110011
110000110100
101100110001
111011000110
110011011010
001010010010
110110010101
000001110010
001010101001
111110011011
000100111000
110010001101
110110110000
000110000100
000000010111
111101110010
111000110101
110111010000
111100011011
001001011000
000111100100
111011111111
000110111100
000010011011
000011001100
111110101001
001110001110
111111010011
110111001101
101100001110
000111011111
111100101000
111011010110
000001100111
000010011101
111110001011
000001100000
000100000111
110111101011
111011011010
000100011110
111110010100
000010100100
111001011100
110111001010
000111100100
111110101000
000111000100
000011101001
000001111001
001100000110
000001001010
110110110111
000000010010
001000100001
001101111111
110110100101
001011111001
000111101111
110111100101
110110001011
111100110010
000010000111
000001111101
101111011001
111101100110
000110010000
001100011000
000101000111
000010001001
000011110101
111000110100
111011001000
111101000101
001000011101
110101100001
111000100101
110101110010
000001110101
000011101010
111100110110
000011101111
000001110100
111000110101
111101000100
111011001101
111101101000
111001100111
111101000110
111101111011
000111111001
110111111000
110111101100
111000010000
000011001010
000010011111
111100000111
001100000010
000011000110
000010101111
000100010100
110101111000
000010010000
110100100010
111011000010
010000000011
111100011011
001000001010
110110001110
000011011101
111001001010
111011010110
111001100011
000110110101
110011111110
000010011110
101111101010
101101011010
000011101000
111101100000
111100100100
000011010001
000100011110
110110010101
111011001011
111101000000
111111111111
000000000110
101010011111
111100011100
111110101011
111001001011
111000101001
000001010111
000001000000
111101101100
111111100111
111100101111
111001111000
001011011111
111110001111
111010110011
111101000101
110101101000
001001000111
000000100001
111110101001
111111111001
110110111101
111001001001
111010111100
110111111011
000111001010
000101100111
000111110011
000001001110
000001000010
111010011100
000101000101
110011110111
111101010010
110100000010
001010001100
101101101110
111001001000
111111100101
000110001000
111100111000
111110100100
000111101001
000001000111
001100010001
001100001101
000110110101
010001101010
111000010010
111100101101
111110000011
110011101001
000110001011
111001100111
101011111100
000001000010
111010010100
111101010110
000001010100
000000000111
110001111010
000111110010
000011101011
101110100110
110001101111
111111000101
110101111010
111011100011
111100011100
111100001110
001000110100
111000111110
101110011111
000111010001
000101010011
110101101000
000000001110
001000011111
110111111110
111111010111
111011100010
111000110010
010010011000
111000010110
110101101111
111110110000
000000001010
111001000110
111010001011
000000110101
000100011110
001001101001
000011111101
001100110110
111100100000
111000110101
111100110101
111011010001
110101100101
110111010111
110001110110
111100011011
110100001101
111001111010
111111011001
110111101110
000100101100
111001100110
001110100111
110000011000
111111000110
111111111101
111111101101
111010001000
111011001110
111101111110
101101001100
111101000100
111001011101
000010010100
110010010000
110110110101
000000000000
111110001010
111000010100
110101111100
000111000010
111101010111
111101101101
000110011111
111000101001
000110101110
010011100001
111111100100
111110100011
000011001010
111001100110
000110101011
000001101011
001000111110
000010111100
110010101001
111011010100
001010001001
111110010011
000100011111
110100000011
110100110111
111110010011
110000011110
111010110101
111101111001
001001101000
000000110100
000101111010
000000101111
001001001100
001000011101
001000001100
101001100111
010011111101
010110000000
000110101000
110101011111
000111010100
001010001100
111010001000
111100101101
101111000001
001010111001
010001000111
000001111000
000000011001
111100100100
000100111001
110001000011
000110101001
001000000011
111110111010
001001000001
000000011011
000101110000
111011011001
001111110001
110100000100
000100101001
000010011101
111111011100
000110110100
111000110111
111001101000
110101001100
110011101110
001000110100
000100010000
001010011100
000011000011
001001100010
000101111001
001101011100
000010000101
000000011101
111101011101
111111011001
000100100111
110010100101
111101001001
001110100000
000110010000
110000000001
111000111111
111000000011
000101011100
111111000010
110110110000
001000010001
000000010110
000010001110
001001001011
000110101100
111011010011
000101100000
111101001111
000100100111
000000100101
111111011000
000111110101
101101011010
000000011101
110111100010
110011001000
000100000000
111000001101
111010010111
000010100110
111001100111
110010110101
101110100111
111101101111
001100100101
000101111100
110010100110
111000010100
111000111011
000000101001
000010010110
111101111000
111101100111
111001011010
110111101110
111011001011
110110100000
000010111011
111100010011
111011000100
111011100001
110111101001
000100111010
000101011011
111101010101
111001000100
001010011001
000011000110
000111110111
000110000000
000001100111
110010111001
000010001110
000000000011
010100000000
000010000000
111110110011
000101100111
111100011100
000001101111
000000000101
000111010100
001011100011
111101101101
111011110101
000001000100
110111010111
000110100000
001110100100
111111101111
000010011111
001011111001
000001011000
000000001010
000011000001
000011000111
001001110011
111100100101
001010111101
001010101110
001011000011
110100111001
000100101010
111010111101
111100111001
101101101011
110011101111
110110010111
000000010010
001100010001
110001111110
000100111001
110111001011
000001010010
000001010111
110101110110
000110001010
110100111001
110110101111
111001010010
111000100101
111011010101
000101011110
110100000100
001010110011
111101001011
110010001111
111101101111
111010100110
010101100001
001000010100
001010011101
000010001010
000010011100
001001010000
000010011111
101101000010
111011011000
000100001111
111001100011
110100100101
010110010101
000001001101
010010001000
110110011001
111110000101
111111100111
111010000000
110011001001
000111001000
111100011101
000011111101
111101001101
000111011011
111110010100
000000101101
000000011101
000001011111
111110000001
000101001000
110101001110
000100010101
111001111110
111000100010
111011110010
000110111001
000011111000
000010101100
111001110001
000101001000
111100101010
000000111100
111111101100
111000101001
111111000010
001000001110
110110000101
111111111010
110110110101
111101110011
111010111100
111001111111
001000011001
000110001000
000101001000
111010111111
111010101110
111011010111
111001010100
111001001101
110111100101
000000111001
000010101010
111101101011
111110111100
111001101100
111110100010
000000111011
111100010101
000011010101
