111011101110
110100110101
111010011000
111001000001
001101101101
111010100101
111110001010
111011011000
111110100001
110110010011
111101000100
000111110110
111000010101
111111000001
111111101110
001001101100
000000100100
000101010110
000001110101
111011101001
000000110010
111101000000
111111010101
001001011011
110100110010
000011001101
111100111001
000001000111
110111110000
000011100110
000011010100
111000101101
110110000011
111110100001
111111001110
111010100001
111111000110
110011010011
000001111111
111000011101
111101011101
110011000101
111010001110
111101101100
000101100001
111000100111
111111010100
000101000110
111000111111
000010100010
000101010001
111010101001
000010011010
000000100110
000000010100
111110111011
001000000010
111100110000
110111101100
000110101110
111101101011
110111001001
111110001100
111110010000
001000111110
001011110001
000101101001
001100101001
111101000001
000001011110
111101011110
110100110100
000100110110
000110000101
000001100000
001011010010
111000110110
111001111101
111101111010
101111000110
111101110110
111001101011
111110101011
111011101110
000101001001
000001111000
111101001000
110110010010
110011001011
000000101000
111010101001
111010110101
000000000011
000100100111
111100011010
110111111101
000101010111
111000111101
001000110101
001000110001
001011111101
000100010111
110100011001
111100001100
111101010000
001000011001
111110000100
110110000010
010000111111
111000001101
111110100100
000011000101
000111011011
111100100100
001010101001
001110011011
111001100111
000001010110
111110110100
111001001111
000100101110
000001110100
001000011010
110110101111
001111101000
111010110111
000011001100
000100110001
110000000011
000011110101
000011110101
000111000001
111001111001
111001010010
000110100101
111011001000
110111101001
111001111111
001000000100
111110110011
000111111011
111111111011
000001101110
110110010001
111110100000
111001001101
000000111011
000101110001
111011000001
001101000110
000101010011
101110101011
111010000000
001100000001
101000111101
001100000110
001101011000
000011011011
000010010110
000111000011
000011000111
111011011011
110010100100
111000101010
111000001100
110010101011
111111110101
000011001011
111011000100
000111001011
101110000010
111111001100
110101011111
001011011100
000011000101
000111010001
000010001111
000100110001
000000010101
001100100100
111000011010
111010011001
001001110110
001001011110
111100110001
111111011100
001111011110
001100110001
000001111101
001001000000
111000000101
111000010001
001000101011
000111100010
111011100101
111011010010
000001001111
001001001101
111000111011
111000100011
111011101011
000101110001
111011100101
001001000100
110100101100
000110001010
000001110011
111100010001
000100101011
000101100110
001001110001
000001000101
110111100110
111011000111
001000100010
111011111001
000010000110
001010111111
111101111010
111101000100
001011010111
000001011010
111101000001
000101111001
111100000011
001000011110
000100000000
111100100010
110110010100
000101011111
110111010111
111111110101
111111110100
000011000001
111011100010
110111111100
000001100010
000100111100
110111010101
000100010001
101110111101
000100000110
110110100110
000000000110
111101001010
000010000101
000111101110
000110011111
101110011001
000000001011
000001011000
111010010001
111001100010
111111010110
000011100100
011000001101
000110001110
000001111101
000100111101
000001100100
111101101000
111100000011
000010111111
000111110001
101111000000
000100010000
110100101011
000001110010
111010000111
000011011110
101101010010
010010100101
000001001000
000100111101
111010000100
000101011101
000010110111
000101010101
110001110111
101011010110
111010010111
000010010110
101111000010
000101001010
000100010011
000111101100
110111100100
000011110001
111011001110
000011011111
111101011010
000111111000
110101001010
110101110001
000101011011
000010000010
001111010011
110110001101
110100011100
101101111010
000000001100
111011100100
111011010110
110110110010
000010001010
001000111011
000110110111
000110100000
000011101100
111001001010
000001000000
000011101101
000111001110
110100101000
001101111001
000001010011
000010100011
110110010110
111001011110
101011011110
000001100111
111111000111
000010111111
111111111110
111110011000
001011110011
111011100010
111101100001
111011100001
111110100111
000101100111
110111011101
111100100101
111101010110
111101111100
000110100111
000010001010
111101111110
000110101001
110100010111
111011000011
110101100100
001001001100
111101010010
111000000010
111100111101
000110011010
111011010011
111000001111
001000110011
000011111001
010011010011
000010001000
111101010111
001001101010
110111001011
110101100110
110011011111
110110010110
001110111010
111001011010
000011000110
111001000000
111001001111
101010101100
000011001111
000011101110
000100111011
001001100110
001110110010
111111000001
000111101001
101100001011
000010110011
110111111111
111111001111
000000001010
000000101011
000000111001
111110111001
111111000111
110111001110
000100001110
000110010100
111101001011
000000001110
111110111111
001011100000
111010100000
000101000100
000001111011
111011010110
000001011000
110110110111
000000111011
111001101011
111101011001
110100010001
111100100000
111110110110
111100110011
000000100010
000101001100
111110100011
111010101110
111000111001
001101001110
000010111000
000010101011
000100110101
111000011100
000001110101
000100001000
110110111110
000101101000
000000101010
111110111000
000100000100
000010111101
110111010011
000100110011
000101010011
000011011110
000001000010
000111001010
111110110111
111010101011
110110001001
001010000100
111010001100
000000111111
111001110111
000110100001
000111100110
000111101000
000110010110
111100110100
001001101010
111110011111
111111101111
110100101111
000101010001
111100110010
000111010111
000000101100
000010100011
110000101011
111000000100
111000000110
111100010111
111100110000
000000111111
110011011000
111110111101
110110110111
000100011011
010000000011
110000010001
111101101001
111011100111
000011110000
000000111011
000101010011
000100111100
111010001111
111110011001
000000101001
110100001111
001001111100
000010010101
111111001010
001011101110
111110110110
000011100111
110111001000
111010001001
000000010010
111000000111
000111010100
000011000011
000000110110
000001101001
000111110101
000000001001
111110001100
000000100010
001100011001
111100101011
000010111001
000000101000
111110101010
000101010101
110011010110
111000010101
000100110100
001000000100
001000011110
001111110000
111000101101
110001011011
111011111111
111010100101
111000101010
000101101110
111010010100
111011111111
000010100001
001000111111
000110101110
000000011001
000000010010
001100011000
110000110011
000100001110
111100011100
000010001010
000010010111
111111000100
111010000000
111000001100
110100110100
111101111100
110111100110
001111100111
000000001000
110000001110
111000101110
001001010000
000011010101
111101100101
111001011100
111100111101
001010010000
000101011000
110111010000
000110100001
000100100100
111111000011
001100011110
111101111110
110011110000
111000010111
111100010001
001100011010
111110110110
111000110111
110101000011
111110111000
000001001001
110111100010
111101101010
000001100111
111110111111
000111010011
000110110010
000011101100
000100010111
110110100010
001110010101
111011001100
000010011111
111101001001
000100010100
111110001111
000110101100
000100011110
111101000101
111000111010
001001011110
111000101000
110111011000
000011011101
000101110011
010001000000
001100010111
111001011001
111000101100
000001101100
111101101001
111001110010
111001011010
111100111001
000100111110
111111000001
111001110111
000010111111
001101000110
110000010000
111110010001
111100111111
111100001100
111000100001
001010111001
000110111100
111100001111
000101100011
000111101011
000111000010
110110011011
000010000100
110111100101
000010100110
111101011111
000110001110
111111011101
000100100101
111111110000
111001101011
001000110111
000110000110
111100001011
111001100010
111010001110
000111101000
000011011111
000110001101
111111000011
111100001000
111000000100
110100011000
000010100111
111110100101
000100010000
000010110100
111011101110
111001100010
000100111100
000110100100
000100000110
110111110111
111111001101
111000111101
111001111001
000000110100
000010100100
000100011001
111100010011
111111101111
111010001000
000000110001
001011000101
000110011100
000000111101
110111000001
111000001100
001000100001
000001100001
111111110101
101110001001
000100001111
111101000011
111110101100
000110001011
111101001010
110000110100
110101110100
111111110100
111110100001
000110001111
000000100111
111101010110
001011111011
001100010110
110001010101
111011110011
000000110010
010011000001
111110110110
000010110000
111111010101
111100110100
000100100111
001010100010
111111110110
111100101010
000110101011
111110010011
000011010001
000100101001
110001101000
111100000110
111011100000
111100011011
110010110111
000111111011
111110000111
111011110110
000010010100
111101001000
000110011111
000011101111
001011110000
111011100000
000101100111
000001001011
111011010100
000001000100
110001100000
000111000111
111100000111
001001011011
001011001101
000011101101
000010011111
111010111100
000110111100
110000010010
001100101110
000000100111
000111111111
000110100101
000010111110
111010011001
000111001010
000100011001
000011110001
111101001000
000111110001
111010010101
000001010101
000100011010
111010111110
111011100111
000010001101
111111100100
100111101100
111101100110
000000011000
111011000111
111101000110
110111111010
000011010100
000010101110
001001110111
111101100111
000110010111
000011100000
000001101101
111001011101
110001110000
000101010101
111111011100
000000110000
110111101111
001100001101
111010100001
111101110111
000011100110
000101001001
000010011110
111011101001
110010010111
110110111011
110000001010
000100110000
000011110111
000011001100
000110110011
111101111101
010001011010
000001011000
111011011010
111101001101
001100110001
000100010000
000010101111
110110000110
001011100110
000011000000
000000111111
000110111001
111111101100
000011000000
000000000111
000100111000
111101010111
001011110111
000001010011
001000001001
110011001101
111100010100
111101101100
000000001001
111101011101
010000011011
000100111011
000110110010
000011010011
110010011110
111111011100
111100010111
110110010101
001100010111
000011010010
000101100000
000010111000
111111001011
000010010111
111100100100
000100110000
000001100010
000001100101
111001100111
000000111101
110100110000
111110010111
000100010010
110100010000
000010011001
000001100010
001100110100
000101101111
000110101101
010000100001
110100010100
001000100101
000111001101
101101101000
000011010010
010000100011
000010110001
110101000111
101100011000
111110000110
000000011101
111110101001
111011000101
001011100100
110011011101
000101001110
000011001010
001010001101
111111010110
110100001010
111010000111
111011101011
111001010000
000110001011
110100110011
000000110001
110111001110
001110100110
000110010010
111011001101
000000010101
001001010001
111111111010
000000000001
111100101111
111001111110
101110100010
000101010010
111000110010
111101001000
111111101011
111001101011
000100000000
001001000001
110101100011
110111001011
000101000000
000010111011
111101011011
001101000111
111101110000
110010001100
001110010010
000000010100
111100000001
111011010010
111101011010
001111001110
000101011010
111011110111
000110110100
110111100110
110010101010
111101100011
000000011101
001001111011
000001111100
110011100111
000101100100
001001000111
111111011110
110111011110
111100001101
001000101001
111110011011
000000101011
111010111010
000100001001
001000010001
000101001100
111000000111
111111111110
110110001111
001100000011
111100010010
000010000100
001110000000
111111010111
000001101101
111101101010
000101111110
111001111011
000100101110
111110000110
001001111010
000101101100
111110010110
000011101011
000110101111
101111111111
000001100010
111010101110
110111011101
000100110000
111101010110
111001011000
111001000100
001001100100
000110010010
111101111010
111010001111
111100110100
000001100111
000011010010
000001111010
111111110100
111011010111
000001101100
111100111011
111111110000
000000000010
000111011111
111101001001
000100111001
000111000100
000011110010
110000111011
110101101011
111111000010
110100010100
111100100010
111101101111
111100110111
111110101101
111101110010
110111100001
001010001110
111110010001
111011101111
101011101110
000111101100
111100111000
000111110101
111100011100
101111100001
000010010100
110001010101
101010111000
111100101100
000011001110
000011011101
000100010010
111100000001
110010100101
000010010111
000010110001
111000001000
110110000111
110111110010
000101100111
000010011101
111111001010
110110110010
111111000100
001011111110
000010110011
111101000001
001101001001
111010101001
110101001111
111011110010
111100011100
000100010001
000001111011
111100111000
001001101000
110001111010
001100101011
001000011000
000101010111
111100010011
111000111100
000110010100
001100111000
000000111100
111101101000
000110100100
000110101011
000001111011
001011010000
111101010110
110011000101
111010011000
001011010000
111101000111
110000111010
111111101001
111011011001
111010001001
001100010101
001101000111
000001000110
000110101001
111110011110
000100111110
000110100001
110111011100
000110011001
000111101011
111011001110
000010100011
111010111010
001010011001
111101110011
111101111000
111111001000
111001101000
111010011000
111111011001
111110111001
001000011011
000010110001
000010011010
110100111011
111001000101
000101111010
111011111000
000111101000
000110011011
000000000011
000000101100
111110100001
111111100010
000100010011
111000000110
111100010111
000001000010
000011100100
001011011011
000010001000
111110110010
111110111010
111101110101
110010010110
001000010111
111101000011
000010001101
110110111001
000110010011
000010010100
111100011010
111001110100
111111011111
000011100010
111110000010
111000001001
111001100010
111000100010
000110011001
111111100001
101110011010
000100001010
111111000011
001110111101
111001101100
111011000101
000111101000
001000100010
000011101100
000111101110
111110100101
110000101100
111010011011
001001101011
010010011010
000000101100
111010111101
111101100100
111110100100
000011000000
111101110001
111100100001
111111110110
000000001100
111111011011
111010110000
000110010000
101100101101
000100101101
000100111011
001101001100
110000001011
000001000010
000101101110
000011101110
111100000011
010000000100
101101101101
111100001010
001100000101
111111011010
110001101011
001000001100
001101110011
001110011101
110111110001
111011011010
111011000011
000111110011
111011111001
000001101110
111110101110
110010111100
111100101001
111110111011
111000011100
111001110101
110110000111
001010000100
001000100011
110010100011
000010011000
010001111000
001100100101
111110110000
001010010101
111011110000
111000110110
111010010100
000000011110
111110001001
000100010001
111100000101
000000111011
110110110001
001001101001
000111100001
001110010110
111111110110
000100010101
110111101111
111100010100
111001101101
001111100001
111110101110
000001000000
000110001101
000000101001
110111000000
001101000000
111101111000
010001110110
000111100001
001100000100
000101010101
111011000111
111010101101
000100001011
111101001001
001110111000
111010101101
000001100101
111010011101
111111100110
000100100101
111110001011
111001110101
000010100100
000110010100
001101011011
010010100000
001000001111
110111010010
000001011111
110101000000
000011010100
110111010000
101011001100
111011111010
101010010001
111010110101
111111001011
110100101111
111000100111
000010111011
000001001001
000010111100
111100001111
111101111100
001111001101
001100111110
110110001111
000101100001
110000000000
111100110001
111010000000
111110101101
111111110010
110011111100
000100011101
110100000101
000001011011
111111010110
111100010110
111100110101
111010101111
111000010011
001000010101
110101111100
000001100101
111110011001
111010101110
111100011000
110001100010
111001101000
001101110010
010001011010
110100111001
001010101111
111011101000
000010111010
110101110001
110101111110
000000101011
111011010110
111101100100
001011011001
000000000101
110101011101
111011100011
000101111001
000100110000
111110101100
111011000010
001111011000
000001101110
010110000000
101100101001
111011000011
110001111110
000100111000
110101100011
110111010100
000100111001
111001001101
001111100011
001010110001
110110000100
000001100101
000110001110
111111110101
110010010000
111000000110
101111100111
001011011011
111011101000
111001000010
110011001000
010010000001
000110110101
000101000001
110100010000
000000001000
111010011110
000110011110
111011111011
000000100000
111011001101
000001101110
111100111001
110111000110
000001100100
001001000100
001000000000
000011000100
101110000011
000011011001
111100111000
110101111100
000000111101
000010101110
111101010001
111100010111
110111000001
111010110100
000101010111
000001010001
111001010011
000110111000
000110110101
000001111111
110111111100
000000011001
000111100110
111010110101
111110010010
000000111111
000010000101
001010111100
000101011000
000011101101
000001001110
001000010101
000011011000
111110011000
111110100110
111101001010
111111001110
110001101011
111110101111
110111010000
110110010100
001000011100
000100011001
111100111011
000000100111
111100100100
000101101101
110010111000
110101101110
000110101010
001000001010
111000111100
110010111111
001001111011
010000110011
000010110011
001100111101
111100100000
111001001011
111110011110
111011100110
001001000011
111010110010
001001000001
000000101010
000111010010
111001111101
000000111110
111010000011
001001011101
110010100101
000100001101
010110111001
001000000110
000001010110
000011011010
111110011110
000100000100
101101010011
000111110000
111011101110
001011101101
010001100000
110101001001
001101010000
111110100101
001011001000
111010011110
000100011111
111110001110
000100011000
110010100100
000011011011
001011001101
001001001011
110110100110
001110000101
111001001101
001100001101
001001010111
000110100000
000001101001
101110011000
111011010110
110010001111
111100010000
111000110111
000000111111
001000100000
000010010000
110101111100
000100110011
000001100111
000000111100
000001100001
000010110011
111100111100
001101110011
111010101110
111110001100
000101111111
110101000010
000000111001
111111000101
111011011011
111011011111
111111110110
000100011010
000101011000
000111111001
000110000001
101001101010
000100000011
000001110001
000001110100
111101010101
000011001010
000010110111
110000110110
110100000101
111001111101
111001100011
000101010011
000000101000
010101110101
001100101000
111011000001
000011110111
001001110101
000010101010
111010110101
110110101000
000000001111
111001100011
000001111000
111010001101
111110101111
000010000010
111100100011
000010111011
010001110001
000000101100
000001010001
111110010011
111011101001
101110100010
001100010000
001000001101
111011011011
001010100001
001001000001
110011001110
111111101010
001100111010
001100001101
000101100001
111110101110
111010010011
110010110111
000100100011
110011001011
000010001001
001111011110
000001110011
001000101100
000000011000
001110100001
000010001111
000010111010
000001010011
010000110000
000010110010
111110101100
111100110100
000101110011
010001100000
001001000101
001100001001
000110010110
111001111001
111001110001
111011010000
111101000001
000010100111
000101011010
000000011010
000011111111
000100001001
111000111000
111111010011
110100001000
000010010101
111110001111
111111110111
111001101100
010001110110
000101001011
001001000110
110111110100
110001101110
111101111001
111000110001
111001110111
111111001110
001000100010
001001110111
111111001000
000010110101
111101000111
000100111100
000111111001
001000000011
000100101101
000100110010
000011000000
000110011100
000101000110
110100110101
000110101110
110100100100
101000000000
000101110110
000001011101
000100100011
111111010011
110011111000
111110110110
110110011001
001100111000
000011100101
000101011010
000010010101
110101101000
001001000001
000100001000
000101111111
110111100111
110101010001
001010110111
001011100000
000011110100
101111100111
001001000000
111101001000
111010001111
111110010111
001110110101
000000010010
000011010000
000010100011
111001110011
110110110011
001010100010
110011000101
000010001101
000101011010
000101010110
001010010100
110101110101
000010101010
110101110110
000111100011
110000011001
001000001100
000101011001
000100100001
000100110011
111000001011
000111000000
000001000010
110111100000
010011100101
001010001010
000010000110
000011111010
001000111000
000110100101
111111111110
000010101100
111001000101
111010101101
111010111010
110111000001
110011100010
111101001000
000101011101
000000111110
111111110110
110100011010
111101110011
010101100111
001110001111
001011011011
000110001010
001100100101
111100000110
110010100010
110100001000
000001011001
001100111101
000010001100
110111001111
111001110100
000001011010
000000100100
111100101111
111000010101
110100100110
010000001000
001000011111
111110111001
111000001011
111000000110
000100011011
111100100100
111010100010
111101101010
000001110111
000110101000
111101011010
111101101001
000010010111
000111110101
001001111010
000110110001
000100111101
000100010111
111100001001
111100100100
111110001111
000111110111
000001011000
001100110101
000100101111
111100100110
111010101001
111101010011
110011111010
000010001100
000011010000
110011110111
111010000110
000010010001
111010110110
111100011100
111110101010
111111001010
000001110101
000001010000
111110010011
000010101000
001101001001
000000101110
111111101100
111101010000
111010010101
000000000000
000101000011
000001100101
111101001110
111011011000
001001101100
000011010011
001101001110
111011101110
000101110111
000101011010
111010000010
111100010110
000100111001
111001011011
111101111111
001001110010
000010000100
000011111001
111101111101
111001101000
000101111111
000101100000
000101011101
000000111110
110100010010
000111011011
000001011101
101001110101
101111111011
000101100100
001001101100
111111111111
111011110110
001000010111
111111011001
110101100101
111100000101
101101001111
111110010110
000100010001
110110000111
110100000101
000110101100
111100101110
000001111111
101010110110
111101101010
111110000010
111010000111
110111000010
111100010010
111101000110
110101110000
111110110101
110001111101
110101101001
000100001001
000010101111
110101100100
111111011001
000000000100
000101001111
111111001010
111110010011
000000101011
111111001000
111101100101
000011111110
001010110001
001101110111
000001010001
000010110100
110110100111
111101000011
000111010011
001000000110
000011001111
111011010101
111010011011
000100101010
001000101110
111111101101
000100011110
001001111000
001100000010
111100110010
110011000100
000100010010
000001011010
000110000011
000011100000
110111111011
110110010111
111001010111
000101111101
000001110010
000101100001
000010111000
010100001001
000001000011
111110001010
110101111010
001011010010
000111110100
000010010110
000110111010
000000000110
000111110011
111100011001
000001011010
000011100101
111001010011
111100011000
000000010010
001001010110
001001110011
111001110010
111010110101
111000100001
111101001110
110001101101
111110111011
111011110011
001101010000
000010000011
111110101101
000011011001
001000000001
110010100110
111101001011
111111010001
001010010011
000010000100
000001011000
111101000110
111111011101
111111000011
000000011110
111010100100
000010010111
000110010100
000000000100
111010101000
111001100000
111011010100
000110100001
110110011111
110010011011
111011001010
111111110111
001011011100
000100011010
000110000100
111111001001
000001001111
111100010100
111100110000
111111101000
000110011001
000000000111
000001100100
000011010000
111011111100
110101100100
111011111111
111100000100
001000101010
000000001000
000001001000
000100101110
111110111100
001000000110
000010001100
110110011111
000010011010
000000000001
000000110101
111111001000
111110010000
111100010000
111101110000
110111010111
111101100010
111110101000
111010010101
111010101010
111111110110
000101101110
111101010101
111011101011
111000101001
000011011011
000110100001
000010100010
111111111011
111011111001
001110101001
111000111111
000101011001
111111101111
000011100010
111101001010
111010010010
111101010101
111001101110
000000110101
000011000110
111010101110
111100000111
001010001111
000010010100
000010101010
111100011110
111110111000
110000100110
000001110110
111001111011
111111000110
110100010100
000000100100
001101000000
110110110011
111011101111
000011011000
001011101101
001101110011
000000010110
110110111001
000110001011
111000110010
111101000010
110011101011
001010000100
000011010100
000011010010
000011001110
000110110110
110110100110
000110000011
001101001101
000111101010
001100111000
000010010101
001100101000
000100011111
111110110111
001000111111
001100100011
000011100001
111011111000
001011110101
000011100101
111110110001
110001110110
000101011000
000100000110
111111110111
111111100110
000010000010
010000110111
000101100011
010101110011
001000101100
000010011001
110001100101
000000100001
111010110111
111101110001
111100101111
111111101000
000001100010
111010111010
111011000000
000010011000
110100111010
001011010010
111110001011
110100100100
111010101110
111010010101
111111101110
111110001010
000000101001
110110000000
000110011011
110110110110
110010000001
111110001101
111110011010
000001000011
110101110110
111111100100
000111000000
110000001100
111001110101
000110010011
001101011011
000010100001
000010111000
000110101111
110110100001
110111101101
111110110001
001001100111
000110100010
001000110101
001010011010
000111100011
111101000010
000110010011
111110010100
111101101101
111000100011
001011010001
111111001101
000100100001
000111100110
000010001101
000000100000
000110110000
110100101101
111101000001
000100100100
000110101111
000111000100
000101110000
111010010110
101110000110
111100010000
111111111101
111111100001
111101110001
001001000001
110100000000
111100110010
111111001101
000101101101
000000101111
000010110010
111000001101
111001100100
000001011001
110001101110
001001111101
010111100100
001100000100
001001010100
000111000000
000001000111
000111001000
000110101000
111110101100
000010110101
111011100001
110111101110
001000010011
111100010111
111010110101
111100000101
000011111011
111000010000
000001001011
010000011101
101110011010
111000010110
000010000011
000011110001
111111011001
000001000101
111010001000
000000011000
111111110100
000000111001
110110110100
001001001101
000110100110
111111100010
111101111001
000101111010
111111011011
111011100011
111101110010
000111100111
111101001001
001101001101
111110000111
111100111110
110111101100
000111001011
111011111010
111010010001
000001110111
111110111001
000001001100
111011110000
000111110110
110110100000
001110001110
111100110101
110110001011
000010100010
000100010111
111001000111
111111011101
111111110100
010010000111
111000010000
111010111111
000110000011
111010000000
111011101011
000101100000
111110001110
111100011110
000011101100
000111101110
000101001100
001010110000
111011100110
000010001010
001100111001
111100101000
110101010111
000011111000
000011111101
110110101000
000111101110
111110111111
000010101101
001001110010
001101101010
000001000001
000010000110
111011011011
001100110110
000001010001
111111100001
001110000010
111101001110
110111111011
111101100111
000101100101
000110000110
000011111011
111110011011
111111100101
000110011101
110111111011
101111110100
111010000101
001001010001
111111001001
000011000101
001001011110
001100001101
000000010101
111111111111
000011011111
000011110111
110101110111
000000110100
000110000001
111011111101
000110101000
101111100111
001010010010
000011011100
110111100111
111010101011
001100000001
111111111110
000110100001
111011011011
001000011111
111001010110
111010001101
000000011011
000001111100
111100010110
111101101110
000001110001
000111000111
111000111101
001001111010
111110010110
000001010110
000100001001
111100000110
000000110101
110101101011
000110010100
000101001001
000100110001
111100000011
110100101011
001011111100
000101111000
000111010011
110111001110
001100000011
010010101110
111110110101
111111001011
000101000011
111111011100
001010100101
000010101110
111010100101
111000011111
111011111100
110100100111
110001001011
001001110011
001101101100
110111010010
111111000011
110010100101
110000111111
111101100001
111111000110
000001011001
000100110011
000010011000
110010000100
111101110001
111101110110
000010000100
111111101001
111101111000
000011110001
110010111010
111010001111
111001010011
001010111001
000011010000
000001100101
000001011110
111000111000
110011001011
001001011011
010011000101
010000100011
000110011001
001001011001
111010111111
000001100000
111011111001
111100111100
110100011001
000010101000
000000001110
000010001001
111100111010
001100111010
000101000110
101100001011
111111001111
000010010110
111110000101
111011001011
000000111010
111100001100
000001110101
111100100011
111100100101
000010100111
110111100100
001001001011
000101010011
001100001000
110000011010
000010010011
111100000100
000000100001
111001011101
000100101110
110100010110
111011111010
111000100111
110110111011
110100000000
111001111110
111110000110
001011010010
111010100111
111010001110
000110000101
111101011001
111101111010
111110001011
000111100011
111010111001
111001000010
000100100101
000001011001
000110011010
000110011010
000111100010
111010100100
111000011001
110101100011
000000000001
111101010111
111100101110
001000100001
110100110101
001000100101
000100110011
111111110010
000011101011
000010000011
001011110001
110010100001
001100000110
111100100111
110110110110
111011100010
001011110111
000011100110
000110101101
111011110010
000110100100
000011110000
000011101100
111101110111
000010011100
000111011001
000011001000
111110111111
111001101101
000100100100
111000000100
111110100000
000000111111
001000000001
000011010001
110101101000
000000100101
000110111100
111011010000
111010100000
000110010101
111111111100
111100001111
110110001000
111100101001
111100110101
000110100011
111011110001
111110100000
111011100000
000011100000
111101000011
001101111011
000100100001
000011110101
110100111110
001010111010
001010100000
000010001001
111011010010
000001010111
001001111001
111110100011
111000010101
000001010011
111000001100
001101011101
110111111001
111110001010
110010111111
111111000011
000110100100
111111100010
000011100111
111100101100
111001000110
111101001000
000010000011
001010100010
111000101001
000100110100
111101011001
001000000010
111111010001
111101000110
111101111011
001000100110
000001000101
111101001010
000101000111
010000101011
111011011100
000001000010
000101100111
010010111011
111000110000
110111110011
000000110011
001011011011
000101100100
111100110110
000011000001
000101100011
110011001000
000110011000
111100010001
000110011011
000010110001
000011011110
000010110100
010001101011
111111010001
111000111000
000101011110
000000001010
111111100011
000000011000
111101101110
000010011111
000011101010
111110101110
000110010000
111000011110
000011101000
001011111001
000001010111
000001010010
001000010100
001000101011
000011001101
000000011000
111100100010
111100100101
000011010001
000110010011
111111101010
111101100011
000000100011
