000110010000
111001011111
000011001110
000001001110
001010100100
110011011010
000100111011
000111101101
000000001011
000010000000
000011111110
001000010110
111110010010
111101101101
000011001001
000101101010
111110110000
000010100001
000101110100
001000110010
111101101100
001000111011
001010001100
110001010100
001011101101
111011111001
000001011011
110011010110
001000101010
000001001000
101111111001
000100101111
110111111011
111011011011
000000110000
001001000001
000010011000
000011011100
000001010001
111101111000
111010111001
101111001000
001011101010
111100000001
000000010000
110101001000
000110010110
110110010011
110110001111
000001101111
000101110010
110101110111
110101101100
111010000110
001010111110
000110110111
111011111110
001111011011
001101100001
000011011110
111010010010
111111100010
111000001001
111100001011
111111101011
010001010100
000000111001
110101010101
111001100100
111011011010
111110101110
110100001101
001100111001
110110100110
001000101101
001010001000
001011110101
110011010101
001010001100
000011111111
111010011000
001010001001
001001001010
111001010011
111101010000
000010001001
111101001101
111110100000
111101110100
000100110001
001000111101
111110010101
001000101010
000010110001
000010110100
000011101110
110111000101
111011000101
111101010000
101010011110
111100111100
000000011010
001000101010
111101010101
111010110110
001011000110
001000000000
111010000010
110011011110
000111101101
111110111111
111111010101
000010101111
001010001011
000010111011
111111110010
000000101000
110001101000
111011001001
111000110011
110111010000
000101100110
000110101110
110001101001
000001010000
111111110001
001011000101
111010001001
111111011101
111011011110
001101100110
111011011100
111001101100
000000101001
000100111011
111000011010
001001011100
110111101101
000011111000
111111101011
000110100010
000101010101
110010000001
110100100101
000110101010
110010010010
111100101100
111101110101
111010011001
111001000000
111010111100
111011111001
000001100001
000011010001
111010010000
110111101111
001001111001
111001100011
111111000000
001010111010
001101010111
110001100011
001001101001
000011001100
000100010011
111101000101
110001100111
110110001000
110110000011
111101100000
001110101010
111010011100
000011001010
111101001110
000010110001
111010010010
111000011001
000100001000
111010000110
111110111101
000111001111
111111101101
110011100000
110011100011
111011100001
111101100000
000011100101
111101101000
001001011000
110111000011
001001010110
111000000010
000101101000
001111001110
111011101011
111111111100
000011001111
111101010000
000001101100
111011010010
000100000011
000010001011
110011010001
001001110100
001101111001
111110110101
111000110111
111100101100
111100011111
000110001111
001011001111
000011001101
000010011100
111110000001
000010000001
111111110011
111110110001
111001000111
110111010110
111101011001
000011001111
000000011010
001110001101
111100000100
000001010010
110111100110
000010111101
110010101010
111110010001
110100110110
110101110111
001000111100
111111110101
110111011000
000001001011
110100001011
110010010011
000100000000
111011001001
001001001100
000000001101
000001001110
110010011000
111011010100
111101111111
111000011110
111010011011
000000000110
001100000001
000011001001
111000001100
000001011011
000010110000
001000100000
111001010101
110110011101
000111001110
111000011110
111101011111
111111111110
110111001101
111001011001
101111100011
110100110000
001100011110
000001101101
000100101110
111100000000
001101100111
000001010011
000000010001
110111010001
001000100101
000001010010
000010111011
111011010011
111110100101
000011001010
111001110001
111111010010
101000110010
111000111100
010010000000
000011110111
110011001001
010000101110
110101111011
110101100011
110001110100
000000110011
110110000000
000001000100
000001010000
110110011100
001011001110
000100010101
000000101110
101101110111
110110010001
111111110011
000111100001
001000010001
111111111000
111111010101
001010000000
110000110011
000110001110
001001110100
110110110011
001000110000
000001011000
000100001110
110100011110
111100110100
000111110111
001000101001
000001110001
000011000100
111000111111
001001001100
000110110100
000011101000
110100100100
111101110001
000111101111
110011110101
110111000001
111111100000
110111011010
110111000000
110110110001
111101011101
110110011011
111011010001
110101011010
000001100110
110111001011
010100101011
000111011001
111100110010
001000101110
111100011011
110110100100
000000001110
001111001000
111011000000
000001010001
110111001101
000010000111
000011101001
111010011101
001001010011
111110011111
001101000001
000110011010
111011011110
000100111110
000001110111
111011100100
000000111001
000011010111
111000100011
000100110001
111100001100
111111101000
000011110100
110110000000
001011010000
111111100010
001000110110
000111101111
111011110101
000000011011
111001010010
110100110110
110111001011
000000111110
110111000000
111000001010
111101101100
000011001011
110110010101
110001011000
111111011101
111101100010
000000101100
000101010111
000011110010
111100011110
111110000000
111101101000
110001111101
000010000011
000100010111
111000000100
111111010110
000100111101
110100101111
000110110001
001001011111
001000100110
111011110100
111110100100
000111010000
000101001110
110111011000
111111011100
110010111111
111101100111
111110000111
111101011101
001010101101
000101111010
111010100100
111101110101
110101110110
000100001000
010100011110
000101010000
101111110101
001011011000
111111110011
111001100110
000111000000
000111111010
001000000001
111110010111
001111010110
101110110110
001001010111
111000000110
001010100001
000001110110
111111111000
000101001001
111111101001
000101001001
111110010100
111010111111
111100010011
000001011011
111111110001
111010101101
111011110000
111110000010
110011010111
000011010011
111010110100
111100011111
111101101100
000111000111
000001001101
111000010000
110011110100
000000101100
111101001011
000011010110
000111011000
111011010101
001000100111
000001001000
111011111101
111101001100
110010001110
000110110010
101110101110
000101111101
000110101111
111111001010
110010110000
111110110111
111001100110
110111000001
000111001101
111111010010
001011011000
110011110001
111101011110
001101010010
001101100100
110011000000
111110100111
001000011000
000001111100
000100110110
110001111111
000000010010
110100111010
110101000010
000100101011
111101101011
111100110111
111111101101
000000010110
110100011011
111110101010
000101101100
111010011111
111010011001
000000100110
001110100010
000001001000
111011000101
111100111111
000000100001
111111101111
001111001010
000010100001
111111001100
111110100001
111101111100
000001001101
111111000010
000101011110
110110111111
111110110001
111111011000
111011101011
111110000000
111110010011
101100101000
001010101100
111001111110
000111011011
111111000000
111001010010
111010100011
000010101110
000011110101
000100011111
111110100111
111000011011
111100000001
000011101100
000001011000
111100000011
000010000001
000011000011
001011001100
001000101010
111101001101
110101011110
111000011010
111011010111
000001111110
001101110100
111000001100
001011000000
001001101100
111110011111
111000100111
000100111011
001110110101
110000010011
111001100010
001011010000
111001110101
111100101010
000100101101
111011001000
110010110001
101011011010
001100010010
111011101001
010111001001
110111001010
000011101011
000110111010
001001010111
001100101101
000001111000
000110001000
000000100011
111010101100
111110010010
110100100010
000010101010
001001101110
000001110101
000111111011
001101111001
111001000010
000101010010
111001001000
000011010011
001000001000
111100110010
001000111110
000000011001
111111001001
111010101010
111100010100
000000011001
111101011001
000011001010
110000101110
111101010010
001001011011
001000101011
111001011110
000110001011
000011101101
111000111010
111101101100
111011001101
001001101100
010000000111
001100101011
000011000110
111011101010
111000010100
111001111110
111001011011
010100110110
111111111010
110000001101
000001010011
111111011111
110111011000
001010101010
111100011010
000101100110
111101101111
010010011110
111000001101
000111110101
111100010011
000111110001
111011111001
000100010011
000111111111
111000000110
110111001010
000111000001
110111001101
111101010110
000110000010
000010101000
000100110111
111101100110
110011101000
111001000100
000010010100
000010010110
000101101011
000101101100
111011100010
001001101011
000000111111
000010000111
001101010000
111110010001
001101000111
110110000111
111101111101
111110010100
001100000111
001011111111
000011010011
111111000011
110011100101
001101111100
000111101111
111110100100
000001100001
000001111100
110111000001
000001100110
110100010011
110111001100
110010101101
110001010110
000100010001
111000001001
111101010101
111101000001
111001000000
111101110011
000011000111
001001000000
111001101101
111011010010
110101110011
111000101111
110101101110
101101000101
000101110001
000001100011
111111100010
000100000100
000110001110
111001101010
111010001011
111100110110
000110010011
001011011111
111011101001
110100111110
101110110010
000111001000
000101011101
000101101011
000000001101
000010011011
001010111101
111111001110
111110110011
111110100100
000010001110
111110111000
110111000011
000011110001
000111011111
110101111100
111000111101
000011001100
111010111101
000011000010
111010101001
111110000000
111010111111
000111000101
000000000111
000101011101
000011101011
111101000000
110011111011
000110100001
110101100010
001000110010
000001101010
000010010100
111001001100
000000011101
000010100101
111110011111
001100100001
000000110100
111011000001
111110101110
000001010010
111001101101
000110101010
110100111001
111110010111
000000010011
111100000010
000111010011
000011001011
000000011001
001011111010
110010011100
000101110111
111001101101
110101101000
000010111010
000111001011
001000110101
111111000100
111101011001
000010001100
000010000101
000010100101
110010100100
000011111101
010011000110
110100101000
111001110110
000111101111
000010000010
110110000010
110111001001
110110101001
110111100100
111110010001
000100000111
000111111011
111011101000
000111111100
000100100110
000100100011
001001011101
001000100000
110010001110
110110100000
111011111111
111111011100
000111011000
111101110101
110110011011
111111001110
000010100000
000011101010
101110101101
000001010010
000111110001
110111111111
110001010001
001000000100
111000110001
111100010010
000101110110
001000010111
001101000000
000100011010
111100101100
000001010110
111000000000
000111101111
000011101111
000100100010
110100100010
001111001001
000010111010
111100001100
001000000001
001010110010
110101010010
111000111010
000110010111
111101001110
000100110001
000011100111
111010111010
001000000010
111001000010
001001001110
111000100111
111010111110
110000011011
110101000010
000010010001
111100101100
001011011111
111001111010
000110110001
110111010011
001100001110
111101101010
010010000010
111100001011
111001110110
111011111010
001010100011
111110001101
000011001101
000110101011
111011100011
001010010110
111011100101
000111111111
001101001010
111010100010
111010010011
000000001011
000100001001
111000000011
111010011111
000101010110
111010001100
000001100101
111101010010
001000110100
001001001010
111000111000
000011011011
000010110010
000010010101
001010100110
111110110010
111100001101
111011010000
000101010000
111111110111
000001000010
001011110111
000101111000
111011110100
111110000000
001101011010
111111011000
111110101000
111101011001
000011100011
110000000001
000010110111
111100010110
000111111100
000000110010
110010010101
110110111111
111101111000
001001111100
000000000110
000011001101
000011101011
110111010010
001000110101
110110010110
000101001011
001001000110
000010110000
111101000001
111011101001
111110011010
111101101010
110110011110
000001110000
000011100010
000010000100
110111100110
001011111000
111111010110
001010000010
000110111001
000100000001
001011101011
111010100101
000110111100
001010001110
000100011111
111101101010
000100010100
111101000100
000011100101
110110101001
110110000000
001010111101
111101001010
000100001000
000011100001
111100000100
000101111011
111001101111
111110111100
111101111111
000000011000
111011001101
000101010000
111111110100
000101100100
000100000010
000011000001
000010000010
000100100101
001000110010
001011010111
110111111001
000101001101
000011100101
111010110010
111110001100
000011101000
001001011111
111110111100
110110100101
000111110111
000101010111
111110100000
110111111011
001000001000
001111101101
000011010100
000111010110
000010100000
000111000000
000000100100
000010111101
110111000001
000110101010
000000110111
111001111010
000101110111
111111011011
111111010111
000000101001
111100001010
111100001110
111110010100
111010110110
111111111011
111001111000
011000100001
111010000110
000100001101
111011110000
000010101011
000100011011
111000001011
110111011101
111001110001
000110110011
010001010100
111100000001
111111000011
110110010001
101101101110
000001001011
000010000010
111101110100
000101100000
000100011011
001000011101
000110000011
110101001001
111010010101
000010110011
000001110000
111101000010
101111100101
111011110010
110100111011
000011101010
000111110011
000101111111
000011011000
111110010110
010000010001
101110110000
000011101101
111101101111
001000100110
111010110001
000111111001
001000100011
001011011000
000101010001
001001100001
111101100010
111001101001
111000111110
000100000111
001100101001
111010011001
000000111011
111011111101
110100000111
000010000001
001101111111
110111111110
111110100010
110010111000
111011111111
111111000011
111000111101
010001100000
000000110000
001100011101
000011101100
110111010010
000000111100
110100001101
010010000011
000001110101
110111111001
111100000110
000101011011
000000010110
001000110110
111111101100
000110100110
000001101010
111001011100
000010110010
110110100011
111111111100
000100001111
010000010101
111111101110
000100010110
000010101110
110111011000
111010101101
110111111110
111100111110
000011111100
000110110111
000100000110
110111000010
111100111000
001010110010
000110110010
001010000110
111000100010
001000100111
111010111011
000100000101
001001000011
000001000111
000110000000
000110100111
000011101101
001010100001
111010010001
000010100010
111011111000
111101110100
000100011000
000010000011
001011111100
001011101000
000101110000
111010011011
111110010000
111010011101
111011101101
111111001111
000010001111
111011000001
001010011010
110101101010
000000110100
111111001001
111010100010
000111111111
001011001010
000011001011
111101010110
000100101100
110010011101
110000010010
110111011010
001010001000
000110101010
000101001110
000011111100
000101011001
000010101101
111111011001
110111010010
000111001110
110111101010
110010001101
000010110110
000100111101
000000001011
110000101110
000100100011
000110001111
110011110100
110111101010
000001100111
111101110000
000000111101
000010001001
111100000011
000000110000
000001011111
000100101001
010000011111
101010111101
001101000100
111010001100
000001101011
111001101000
001110011101
001101101011
111000100010
010001011111
111000101001
111001111001
111110111011
000111001000
000111101100
110101100101
111110110111
000110110000
111101100000
101000010010
000110111010
111011000101
000110011000
110011011011
111010100111
111111100010
000101101001
111101100110
000101101000
101101111100
111110011100
111111011011
111111000100
000001111010
000000111100
000000111110
001010100101
111110011010
001100111111
001000101100
110011100100
000001010101
110100100100
001101001111
101110101100
110100100100
001011100001
111001011101
000001001010
111111111000
000001000100
000110010101
001010111100
000111000010
111100110010
001100110100
000010001111
101111100100
000100001111
111101010100
110110101110
111101010100
000011111100
111100110011
111111011011
000110100001
111000000011
000001100110
101111000101
000000101000
000101010100
000011001010
111100000011
000100100100
111101010111
111001001100
101010100010
000000010010
111011101111
001000100011
111100011110
000000011001
000000111110
110111010000
111101000000
111001011011
111000010110
000000111110
000000000110
101111101110
001000111000
101111100100
000010000001
110101001000
111010110011
000110100100
000000111110
000000100000
111100110101
001000000011
000010000111
111011111100
111010110000
001000101101
000111111111
001010110010
111110001111
010010110000
001001011011
111001000111
000010011110
111001010001
001101011000
111111110101
001000001011
000010000101
001111010001
111000010010
111101111100
110011001001
000011110111
111110001001
000001110101
001011101101
001011011001
000001001110
000100111101
010010110000
111100000000
000011001001
111100101100
111100101110
111101100100
111100010100
111010010100
001100000001
000100001100
001010010110
001010110000
111111110100
000110100001
111011011001
000010011110
000100011000
111000010000
111010100100
111110101101
000100011000
111010010011
111010001101
000011000100
111100011101
111001000010
111010010011
111000011101
000101000111
000000010111
000001011011
001000110001
001010100000
001001101110
111101011101
000101011001
111100001110
001101010100
111011001101
001011010110
000000111001
111000101111
001000110111
001111110111
111101000111
000111001110
001011111101
111110100011
111011110111
111011100111
111101010101
001010100100
100000000000
110101000111
001101100000
000010110000
001000000100
110110000001
111100101101
111000101011
000101010100
111010110110
010001001000
000001100110
111100111011
000010111001
111111001011
111000100111
111010111011
111001100001
000110101110
111111000000
000000101100
000100000111
111010010101
111000111111
000001110111
000001111100
110110001000
000001111000
111011010011
001000001110
110111111010
110100110111
000110100001
001110000011
111001000000
000100100101
000000101100
111101010110
111110001010
110100100111
111011100011
111111101111
110111111000
110110110101
110111100000
001100011110
101000010110
110101101101
111011100111
000001001000
001000101000
111111110000
000000000001
000101010100
111111000110
000101001010
001001100111
111100111010
111010101000
000011111000
111111010111
101110100101
110010101110
111110100011
001100000000
111101000000
110101011101
111110110010
110100000101
010011001001
000100101010
111111111101
110010000100
000101010001
111111010011
000011001111
000001111000
000101011100
111011001101
111001011011
101111111010
000110100001
111011001001
111111111111
001001010000
001111000110
111011011100
000000000010
000010011001
000111011000
001000111100
111111001100
110010011010
111110101100
000011011001
000011101100
000011010011
111110110101
111101100110
111100001110
010000000111
000101001000
110111000001
000000110010
001010100100
000101101000
000010010011
000110110101
000011101011
111100010111
111110100100
000001100101
000100010011
111110011100
111110011110
000000101101
111001110110
000010011100
110110010001
001001010111
111110000011
111111001111
000110000001
000110110000
001001010110
001100110101
000000010111
001101001010
110011110100
001001110000
001001000111
001000101010
111000101011
111011101001
000001110001
111001010001
111100010001
001010011101
000101010101
000010011100
000100001000
000000011010
111101111011
110110010011
001100110100
000110101100
111101111011
000101100110
111101100101
000010010011
000010111111
000101000100
111001011001
000011000111
000111010100
110100111011
001100011011
111010001001
010000001011
000010011111
000001000000
111010100111
111010101101
001010011110
111111110110
011000011010
111001101101
110110110011
000100110001
000110100110
000000001010
111101010010
001001101001
111101001100
010001000111
111010100000
001001100000
111100111010
001010111110
000001001110
001100001111
000101000010
111001101001
111101011100
110110111010
000010101010
000010000000
000111000111
000000011111
000001100010
001011011111
000100101011
000000101110
001001001011
000011110010
000011010011
000100110100
000000110101
000000110010
111010010001
111011110110
000001001110
000000110000
111111111110
000000000110
000000110111
111011000001
110111010001
111010001000
000010100000
001011010000
000000101110
000011110111
111101111010
000111011111
111101110100
111111100100
111100010100
000001000010
000000111011
111010001100
000001111110
001000001100
010000001001
000010010111
001101101011
111011000001
000100000110
001010111011
000110011001
000111001101
000001111101
000111010100
000101100101
110111111110
000110010110
111101110001
000000111010
000110100100
000100010010
010001010110
111100010010
001110011010
000101000000
111110010010
000001000000
000001110001
111001101000
111110101000
110111100011
001000001100
000000001010
000111011100
111110001111
000010100001
110011000101
000110111010
000000101011
111000100000
001000110001
110101110011
000010101101
111110101100
000101111001
000100110001
000101110010
110010010110
000000111100
010110001100
110110010000
000001011111
111110110000
000000101000
111000011111
111100000100
001001010010
000110001101
110010110011
000101110111
111100101011
111010000100
111011101011
001100111000
000101011111
000101100011
111001001000
001000000010
001000001000
001100011010
111011110011
110000100101
000011000101
000101110101
000000101010
101101101011
111100111011
000001101001
000001100101
101111011100
111010111011
111011011011
000000101100
001110001111
111110001001
001111001101
101110101110
001101001000
001101101100
110010010100
000100001100
000001101011
000001110111
111001101010
000001101000
110001001100
000100111000
111101000110
111111001101
000011011000
001001011001
000100110111
001001101010
110111100010
111111010000
111010110010
001001111000
001010011101
000001011110
110110101101
110100111011
000101100001
111011110100
000110000110
110110011011
111111100011
001010101000
111101001100
111111011010
111110111100
000110011100
000010110101
000101111111
000001000010
111110001101
111110000010
001001011000
110111111100
000000010010
000101100110
000101010100
000101100100
100100110011
001100001111
111000000100
111110011110
010011011011
000000110110
111100110101
111010000111
000110100101
010000101110
000000100010
111110110010
000110010011
111000011001
111111110010
001001000101
001101101000
001001011110
111100001110
001010101101
001010100011
001011110101
001111100000
111111000110
110011100011
000000011111
001101011111
000101111011
111001001000
001111001001
000001010110
111010011001
110110001010
111110001100
000001001100
111110011011
010110000000
111010000111
000100010000
000011110000
000100010100
001000101101
000001100001
001010011101
000010001001
001000010000
000011011101
001001000010
110010101110
000010110011
000010101000
000100100010
001011000100
000001111000
000001000011
000011101111
110101010011
111001100100
001001011101
000001110111
000000001100
111101110100
110110000011
110111001011
010001001010
111001011101
111011001100
001011010001
000100011100
000100111110
000111000110
001100010111
000110011000
110000010010
010010110110
001110100110
111010111101
111110011110
001011111111
111101010000
000010011101
110000000100
111001111010
111010110011
001100011000
000001000111
000000101100
000101110110
111110100100
001011000100
000110011000
000001111111
000111110001
001001110011
111111011111
111100100101
111111000011
000000010111
111000001011
000010011111
111010111001
001010000101
111110101011
111101001000
000001101011
111110111000
111010010000
111101000110
111011110011
111100010010
000101111001
111101000110
111100000100
000010011001
111111101000
001011100110
000011000101
000111001100
000101000110
000100010000
001000100000
000110000101
110011100010
000010001100
000100001001
000010100011
100000000000
001001101110
110111011010
001001000111
111101110111
111010111100
111110000110
001011101111
111101011111
111011100000
000000100011
000011111100
111100110101
111101011000
111001010100
111100100100
110011000111
111101110101
110110000011
111111101001
000110001110
000010011110
110101110010
111010110101
111001110100
110110011000
000001000100
111101010001
000011001101
000100011001
000000011110
000111010011
000000111110
101101101101
111111000010
001000010100
000100100110
111010111111
111001001101
000110000011
111101011001
110010011100
000101101000
111000000101
001000100100
001010011111
000101011111
111001000001
111000110100
000000001011
110110110100
001011100001
111101111000
000000101101
010000101101
001101101010
111101110111
111101010101
000111000001
111110001001
110101100011
111101001111
000010000101
001100000011
000001000011
000010100000
111011000100
001101100010
000110011010
001001011111
111010111111
000000001000
001001010101
000001001011
001011000100
111100100111
111111111010
000111101011
000101010001
000011110010
110000010001
000110110111
001010001100
000100001101
111011110111
111010110001
111101011100
000100100011
110100101011
111010101001
000101110011
110101010110
000111001011
110101111101
110110101011
110001101110
000000100111
000110000101
111111000001
010001111101
111011100100
111111110001
111101011001
000010011101
110111000011
110010011011
111010111010
111001101011
000000111100
110101111001
111000010011
110000100001
000001011101
001001000100
000111010100
110111110000
000011110011
111001001000
110101011100
000100011000
001000100101
001001100101
001001101001
000000000111
111100011010
000010100110
000010000000
000110101001
111001100110
000011111100
001010110100
000011010101
010100010110
110100000000
111110100000
111111010010
110011001010
000010000100
111010111000
110011110101
110000001110
111011101110
101101000000
000011110101
000000010010
000100111000
111001110110
111001110010
110100010000
001001011000
000110000100
110100110111
000001011110
111101000111
111010001100
111100101111
001000111101
101000110000
001001111011
111010001110
001000011011
100110110011
000010110000
111101001011
000101110111
110011100011
111100000011
111001101110
111110001001
110101001100
000111001000
111000011101
111010000101
111110111101
111110010100
000011100111
111001011101
110110011100
001010101100
111110000000
111000101111
001001000110
000101110111
110101110101
110110111101
111000100101
111011110011
001000110101
111100100000
000011111000
110001111010
111001100111
001101001111
000011010100
110011011110
110110011010
001000011011
110111000110
000101010000
110100101011
000010100100
111000011000
111111101111
110011011000
000000110111
000101010001
001101000001
001000101100
000101011100
000001110100
111101011011
111100100101
110101010001
111001001011
000110011011
111111101001
110110011101
111010001110
000010110111
111101010001
000011000011
000100001100
000000101001
110101011001
111000001101
111101110101
001011100110
111111011000
000001101101
101101011110
111011100000
000111100100
110110011001
110011011010
111000110110
110101111010
000100101101
000011100111
000111001100
110111000111
000100010000
000100101111
110010101001
000011110101
110110100001
111111000011
000000110010
000001100011
000100010011
111110101100
111011110111
111110110101
111110100111
001010001110
111110000110
000110111101
111010110101
000101101010
000111110100
001010011000
110101110010
000010100101
111110111001
000100011101
110111010001
000111000100
000111010001
111100011110
111001000101
000010000010
000111101110
000010111110
111101010011
111110011110
111001011010
111001010111
000100100110
111011111111
111110000011
000101101011
000011011000
111010110111
111100001000
000111010101
111101110100
001011010010
000011101001
000000001110
000001111111
001001110101
001000110101
110110001111
000101101011
111000111000
001011111011
111100010100
000110001111
000010010101
001111000111
111111111111
111101010101
000101111000
111111110111
111101011011
111110100000
110110001111
000001111011
000001101001
000101011110
000101000001
110111001110
111010011111
111111111011
001011000001
001101110001
111010011111
000001010001
001010100010
000001111011
111010011111
111110010101
111111010101
111001000110
111011100101
000001111100
111101100111
111111111010
111100111111
000101101110
111011100100
000110100000
000100001100
111011110000
000100111001
000100001010
111101100101
000000011110
111111101111
000101110111
111100100011
000101111110
111011011101
001000001100
111100000111
000001111010
000100100100
000100110101
001000111101
001111011000
000101111011
111111011010
110011111011
000111000011
111010001100
110111010110
101110011010
000110010000
000100111010
111100011100
000010110010
001010101000
000010010010
110110000011
001000101010
111111100001
110100111000
000010000001
000100101110
010100011001
111110010010
111011010011
000101110101
111001011111
000100101111
001011000110
110110011011
010000110011
000000010111
000010111010
110111010111
110101011111
001010100000
111100000010
000101001000
001011010011
110110011010
111101100101
110100000110
111000010000
110100111011
001000010110
111001011010
001100010101
111100111011
000100111100
111101010011
111011001101
111011001011
110111010001
000001011000
111100011101
000011100101
111001011111
000001010010
101100010101
111111101100
110101100001
001100111111
000010010001
111110001001
111100010110
000101101100
110110101110
000110101010
000011101001
010010001100
111001111001
111010100010
000011101011
000000101001
001010100100
000000110111
111111111001
111111000110
101101011011
000000111001
001011001100
111110011100
101100000111
000011000110
000011100110
111110001011
111011000101
111101000100
000101011001
101101011111
110110110000
000110101111
001000101100
110101000011
110111110100
001010000000
101101111101
111100010110
000001010110
000110000000
110011011111
000100111110
111010010101
111000101110
110010011111
000111001000
000011010111
110111110000
111000000011
111011001100
111100010100
110100010000
111110011010
111011000011
111111100010
000101110000
111111011010
001000010001
000011110101
111001001111
000001111110
000010101111
111011100000
110111000000
001001110110
000011010000
001100101111
111000111011
110101110111
000001111101
000011110101
111111010100
000110011000
111100100001
000010010100
111111100101
111100001101
000111101101
110001101011
001011100111
000001100111
001001100110
110110000111
000000100101
111001000001
111000100001
000100111011
111100011000
000100001101
001100000101
000100110110
000100000000
000100110011
111100110011
111110101000
000001111001
111111100011
000111011110
001101100001
111001000111
000100010100
000001100001
000110101000
000110011011
001100011011
000101000111
110110100101
110001110101
111110000010
000000101010
111110011001
000011001001
001100000000
111001110000
000010000110
111110100000
111100001111
000001010101
101111101001
000011111011
001011100100
101111011110
111010000111
001011101110
000100110000
001100100001
111010100011
001000110111
001000010001
000010110100
110110110000
001000010000
111011010100
000001011101
000011111010
111011000010
000001100111
000000010110
111011010110
111010001110
001101001101
000001011000
110110100100
000011000110
001001001110
000011101110
110101010100
000100001100
111100110010
111111110000
000001010110
111111001110
111100100011
111000101111
110010100001
000011011110
111011111100
001111100101
000010110110
111010001101
111010110011
111100111011
001010000000
111111001111
001000010000
111110011111
111101101001
110101110011
111101001011
000101110010
001001010110
111011010010
001011011000
111001001111
000000100001
111001010010
111111011011
111110110110
110100001111
000011101101
000100010010
000010101011
110100100100
000001001001
000001000110
000011000101
110011001100
010000111011
000100110000
000100000101
